100,21332
150,12876
200,15728
250,19636
300,23823
350,47589
400,45068
450,35138
500,38657
550,40859
600,52861
650,47827
700,52751
750,56216
800,60509
850,62592
900,70066
950,82506
1000,89476
1050,60841
1100,30321
1150,20765
1200,20107
1250,25141
1300,28889
1350,26043
1400,23881
1450,24268
1500,25296
1550,52749
1600,56792
1650,62443
1700,20577
1750,16531
1800,16883
1850,26019
1900,23156
1950,20527
2000,35910
2050,21198
2100,21697
2150,22475
2200,23929
2250,30347
2300,30174
2350,25212
2400,44671
2450,43091
2500,32204
2550,36219
2600,271684
2650,243389
2700,346479
2750,306589
2800,111855
2850,78348
2900,74700
2950,123834
3000,58718
3050,41295
3100,49440
3150,54469
3200,51718
3250,151434
3300,48999
3350,47087
3400,49790
3450,66534
3500,51157
3550,55210
3600,64198
3650,51509
3700,55813
3750,50698
3800,79273
3850,76780
3900,64060
3950,92708
4000,62897
4050,64710
4100,389233
4150,486566
4200,384236
4250,174025
4300,131268
4350,198737
4400,77912
4450,77675
4500,115239
4550,67545
4600,73703
4650,96145
4700,83213
4750,69031
4800,107834
4850,136463
4900,70008
4950,88256
5000,91890
5050,138957
5100,84004
5150,85196
5200,90805
5250,84566
5300,104112
5350,102885
5400,95789
5450,92982
5500,90958
5550,94936
5500,788901
5550,590922
5600,217631
5650,221588
5700,232116
5750,89626
5800,128421
5850,106892
5900,143340
5950,162905
6000,116814
6050,123137
6100,198574
6150,129889
6200,119278
6250,108472
6300,259990
6350,118226
6400,144954
6450,178558
6500,117417
6550,141631
6600,123148
6650,1000408
6700,859859
6750,337613
6800,307727
6850,195087
6900,134359
6950,161043
7000,110467
7050,218795
7100,126877
7150,869176
7200,809051
7250,272570
7300,317210
7350,158476
7400,179399
7450,172966
7500,269964
7550,160777
7600,164789
7650,152783
7700,334833
7750,156652
7800,154382
7850,1296361
7900,824791
7950,409616
8000,424463
8050,203786
8100,972309
8150,874121
8200,394804
8250,531587
8300,350070
8350,182004
8400,201391
8450,183403
8500,281953
8550,196918
8600,431079
8650,251885
8650,1269351
8700,1170895
8750,531186
8800,231694
8850,364810
8900,279672
8950,178898
9000,327141
9050,177201
9100,315520
9150,192072
8650,1693753
8700,862171
8750,456497
8800,156532
8850,230728
8900,328176
8950,224865
9000,216949
9050,153466
9100,429096
9150,204869
9150,1584900
9200,757977
9250,471937
9300,242610
9350,436627
9400,255532
9450,408962
9500,254587
9550,416454
9600,221755
9600,1600897
9650,722791
9700,521098
9750,219073
9800,338473
9850,250814
9900,313589
9950,183627
10000,1602331
